FLUXUS DRE SIMULATION REPORT - INSTITUTIONAL GRADE
Currency: USD

--- PROJEÇÃO OPERACIONAL (12 MESES) ---
Month  | Users      | GTV (USD)       | Revenue         | OPEX         | Net Profit   | EBITDA  
------------------------------------------------------------------------------------------
1      | 1,000      |      600,000.00 |        6,900.00 |     2,712.00 |     4,188.00 |    60.7%
2      | 1,150      |      690,000.00 |        7,935.00 |     2,955.30 |     4,979.70 |    62.8%
3      | 1,322      |      793,500.00 |        9,125.25 |     3,023.60 |     6,101.65 |    66.9%
4      | 1,520      |      912,525.00 |       10,494.04 |     3,102.13 |     7,391.90 |    70.4%
5      | 1,749      |    1,049,403.75 |       12,068.14 |     3,192.45 |     8,875.69 |    73.5%
6      | 2,011      |    1,206,814.31 |       13,878.36 |     3,296.32 |    10,582.04 |    76.2%
7      | 2,313      |    1,387,836.46 |       15,960.12 |     3,415.77 |    12,544.35 |    78.6%
8      | 2,660      |    1,596,011.93 |       18,354.14 |     3,553.14 |    14,801.00 |    80.6%
9      | 3,059      |    1,835,413.72 |       21,107.26 |     3,711.11 |    17,396.15 |    82.4%
10     | 3,517      |    2,110,725.78 |       24,273.35 |     3,892.77 |    20,380.57 |    84.0%
11     | 4,045      |    2,427,334.64 |       27,914.35 |     4,101.69 |    23,812.66 |    85.3%
12     | 4,652      |    2,791,434.84 |       32,101.50 |     4,341.94 |    27,759.56 |    86.5%
------------------------------------------------------------------------------------------
RESUMO EXECUTIVO (12 MESES)
------------------------------------------------------------------------------------------
GTV ACUMULADO:   $  17,401,000.42
RECEITA BRUTA:   $     200,111.50
LUCRO LÍQUIDO:   $     158,813.28
MARGEM MÉDIA:              79.36%
------------------------------------------------------------------------------------------


--- PROJEÇÃO INSTITUCIONAL / SÉRIE-A (60 MESES) ---
Month  | Users      | GTV (USD)       | Revenue         | OPEX         | Net Profit   | EBITDA  
------------------------------------------------------------------------------------------
1      | 1,000      |      600,000.00 |        6,900.00 |     2,712.00 |     4,188.00 |    60.7%
2      | 1,150      |      690,000.00 |        7,935.00 |     2,955.30 |     4,979.70 |    62.8%
3      | 1,322      |      793,500.00 |        9,125.25 |     3,023.60 |     6,101.65 |    66.9%
4      | 1,520      |      912,525.00 |       10,494.04 |     3,102.13 |     7,391.90 |    70.4%
5      | 1,749      |    1,049,403.75 |       12,068.14 |     3,192.45 |     8,875.69 |    73.5%
6      | 2,011      |    1,206,814.31 |       13,878.36 |     3,296.32 |    10,582.04 |    76.2%
7      | 2,313      |    1,387,836.46 |       15,960.12 |     3,415.77 |    12,544.35 |    78.6%
8      | 2,660      |    1,596,011.93 |       18,354.14 |     3,553.14 |    14,801.00 |    80.6%
9      | 3,059      |    1,835,413.72 |       21,107.26 |     3,711.11 |    17,396.15 |    82.4%
10     | 3,517      |    2,110,725.78 |       24,273.35 |     3,892.77 |    20,380.57 |    84.0%
11     | 4,045      |    2,427,334.64 |       27,914.35 |     4,101.69 |    23,812.66 |    85.3%
12     | 4,652      |    2,791,434.84 |       32,101.50 |     4,341.94 |    27,759.56 |    86.5%
13     | 5,350      |    3,210,150.06 |       36,916.73 |     4,618.23 |    32,298.49 |    87.5%
14     | 6,152      |    3,691,672.57 |       42,454.23 |     4,935.97 |    37,518.27 |    88.4%
15     | 7,075      |    4,245,423.46 |       48,822.37 |     5,301.36 |    43,521.01 |    89.1%
16     | 8,137      |    4,882,236.98 |       56,145.73 |     5,721.57 |    50,424.16 |    89.8%
17     | 9,357      |    5,614,572.52 |       64,567.58 |     6,204.80 |    58,362.78 |    90.4%
18     | 10,761     |    6,456,758.40 |       74,252.72 |     6,760.52 |    67,492.20 |    90.9%
19     | 12,375     |    7,425,272.16 |       85,390.63 |     7,399.60 |    77,991.03 |    91.3%
20     | 14,231     |    8,539,062.99 |       98,199.22 |     8,134.54 |    90,064.68 |    91.7%
21     | 16,366     |    9,819,922.44 |      112,929.11 |     8,979.73 |   103,949.38 |    92.0%
22     | 18,821     |   11,292,910.80 |      129,868.47 |     9,951.68 |   119,916.79 |    92.3%
23     | 21,644     |   12,986,847.42 |      149,348.75 |    11,069.44 |   138,279.31 |    92.6%
24     | 24,891     |   14,934,874.53 |      171,751.06 |    12,354.85 |   159,396.20 |    92.8%
25     | 28,625     |   17,175,105.71 |      197,513.72 |    13,833.08 |   183,680.64 |    93.0%
26     | 32,918     |   19,751,371.57 |      227,140.77 |    15,533.04 |   211,607.73 |    93.2%
27     | 37,856     |   22,714,077.31 |      261,211.89 |    17,488.00 |   243,723.89 |    93.3%
28     | 43,535     |   26,121,188.90 |      300,393.67 |    19,736.20 |   280,657.47 |    93.4%
29     | 50,065     |   30,039,367.24 |      345,452.72 |    22,321.63 |   323,131.09 |    93.5%
30     | 57,575     |   34,545,272.33 |      397,270.63 |    25,294.87 |   371,975.76 |    93.6%
31     | 66,211     |   39,727,063.17 |      456,861.23 |    28,714.10 |   428,147.12 |    93.7%
32     | 76,143     |   45,686,122.65 |      525,390.41 |    32,646.22 |   492,744.19 |    93.8%
33     | 87,565     |   52,539,041.05 |      604,198.97 |    37,168.15 |   567,030.82 |    93.8%
34     | 100,699    |   60,419,897.20 |      694,828.82 |    42,368.38 |   652,460.44 |    93.9%
35     | 115,804    |   69,482,881.79 |      799,053.14 |    48,348.63 |   750,704.51 |    93.9%
36     | 133,175    |   79,905,314.05 |      918,911.11 |    55,225.93 |   863,685.18 |    94.0%
37     | 153,151    |   91,891,111.16 |    1,056,747.78 |    63,134.82 |   993,612.96 |    94.0%
38     | 176,124    |  105,674,777.84 |    1,215,259.95 |    72,230.04 | 1,143,029.91 |    94.1%
39     | 202,543    |  121,525,994.51 |    1,397,548.94 |    82,689.54 | 1,314,859.39 |    94.1%
40     | 232,924    |  139,754,893.69 |    1,607,181.28 |    94,717.98 | 1,512,463.30 |    94.1%
41     | 267,863    |  160,718,127.74 |    1,848,258.47 |   108,550.67 | 1,739,707.80 |    94.1%
42     | 308,043    |  184,825,846.90 |    2,125,497.24 |   124,458.27 | 2,001,038.97 |    94.1%
43     | 354,249    |  212,549,723.94 |    2,444,321.83 |   142,752.01 | 2,301,569.81 |    94.2%
44     | 407,386    |  244,432,182.53 |    2,810,970.10 |   163,789.82 | 2,647,180.28 |    94.2%
45     | 468,495    |  281,097,009.91 |    3,232,615.61 |   187,983.29 | 3,044,632.33 |    94.2%
46     | 538,769    |  323,261,561.39 |    3,717,507.96 |   215,805.78 | 3,501,702.18 |    94.2%
47     | 619,584    |  371,750,795.60 |    4,275,134.15 |   247,801.65 | 4,027,332.50 |    94.2%
48     | 712,522    |  427,513,414.94 |    4,916,404.27 |   284,596.90 | 4,631,807.38 |    94.2%
49     | 819,400    |  491,640,427.18 |    5,653,864.91 |   326,911.43 | 5,326,953.48 |    94.2%
50     | 942,310    |  565,386,491.26 |    6,501,944.65 |   375,573.14 | 6,126,371.51 |    94.2%
51     | 1,083,657  |  650,194,464.95 |    7,477,236.35 |   431,534.12 | 7,045,702.23 |    94.2%
52     | 1,246,206  |  747,723,634.69 |    8,598,821.80 |   495,889.23 | 8,102,932.57 |    94.2%
53     | 1,433,136  |  859,882,179.90 |    9,888,645.07 |   569,897.62 | 9,318,747.45 |    94.2%
54     | 1,648,107  |  988,864,506.88 |   11,371,941.83 |   655,007.26 | 10,716,934.57 |    94.2%
55     | 1,895,323  | 1,137,194,182.91 |   13,077,733.10 |   752,883.35 | 12,324,849.75 |    94.2%
56     | 2,179,622  | 1,307,773,310.35 |   15,039,393.07 |   865,440.85 | 14,173,952.22 |    94.2%
57     | 2,506,565  | 1,503,939,306.90 |   17,295,302.03 |   994,881.98 | 16,300,420.05 |    94.2%
58     | 2,882,550  | 1,729,530,202.94 |   19,889,597.33 | 1,143,739.28 | 18,745,858.06 |    94.2%
59     | 3,314,932  | 1,988,959,733.38 |   22,873,036.93 | 1,314,925.17 | 21,558,111.76 |    94.3%
60     | 3,812,172  | 2,287,303,693.39 |   26,303,992.47 | 1,511,788.94 | 24,792,203.53 |    94.3%
------------------------------------------------------------------------------------------
RESUMO EXECUTIVO (60 MESES)
------------------------------------------------------------------------------------------
GTV ACUMULADO:   $17,531,994,982.63
RECEITA BRUTA:   $ 201,617,942.30
LUCRO LÍQUIDO:   $ 189,899,550.39
MARGEM MÉDIA:              94.19%
------------------------------------------------------------------------------------------

